Training Data: [Number of samples: 300]
[[1.05 1.5 ]
 [2.35 3.35]
 [2.35 0.5 ]
 [0.7  0.4 ]
 [3.35 1.7 ]
 [3.9  0.95]
 [1.55 3.55]
 [2.8  1.65]
 [1.45 2.5 ]
 [1.4  1.85]
 [3.05 2.6 ]
 [3.45 1.2 ]
 [3.4  1.05]
 [3.4  0.65]
 [3.15 2.7 ]
 [3.95 0.  ]
 [3.75 3.7 ]
 [2.95 3.05]
 [1.45 0.9 ]
 [0.25 2.5 ]
 [0.85 3.5 ]
 [2.3  3.55]
 [0.3  3.  ]
 [3.4  0.35]
 [2.55 1.65]
 [0.25 2.65]
 [3.1  0.65]
 [1.55 0.7 ]
 [0.2  0.65]
 [1.05 3.25]
 [1.6  2.3 ]
 [2.7  3.2 ]
 [1.8  3.55]
 [0.25 0.55]
 [3.45 3.35]
 [1.15 0.9 ]
 [1.8  3.2 ]
 [0.85 3.2 ]
 [0.15 1.  ]
 [0.6  2.25]
 [3.2  0.55]
 [2.35 0.85]
 [3.4  1.5 ]
 [0.   2.95]
 [1.05 0.75]
 [3.25 2.05]
 [3.35 0.15]
 [3.8  2.15]
 [2.9  0.4 ]
 [2.15 3.5 ]
 [0.65 0.8 ]
 [2.55 0.25]
 [3.25 3.05]
 [3.15 1.25]
 [1.   1.7 ]
 [0.95 0.8 ]
 [1.35 1.85]
 [2.15 3.25]
 [3.   1.1 ]
 [1.   2.85]
 [3.8  3.7 ]
 [0.2  0.25]
 [0.15 3.15]
 [2.75 2.05]
 [3.   1.05]
 [3.05 2.2 ]
 [3.75 0.35]
 [3.3  0.25]
 [0.75 1.4 ]
 [1.85 1.95]
 [0.95 2.65]
 [3.85 2.1 ]
 [0.2  0.55]
 [1.1  1.35]
 [2.2  1.9 ]
 [2.1  0.9 ]
 [2.15 3.  ]
 [0.4  1.8 ]
 [2.75 3.85]
 [3.7  1.85]
 [0.85 3.7 ]
 [3.95 3.5 ]
 [2.7  0.75]
 [1.55 3.65]
 [1.9  3.15]
 [4.   1.5 ]
 [0.4  2.9 ]
 [1.   0.05]
 [1.55 1.4 ]
 [1.95 3.15]
 [0.   0.15]
 [4.   0.7 ]
 [0.05 1.9 ]
 [3.35 2.15]
 [3.55 1.45]
 [2.15 2.3 ]
 [3.8  1.  ]
 [2.85 0.3 ]
 [0.35 1.65]
 [1.2  3.65]
 [1.9  0.45]
 [3.95 0.4 ]
 [0.   2.85]
 [3.25 2.35]
 [0.85 1.35]
 [1.6  1.55]
 [0.55 3.85]
 [0.7  2.6 ]
 [3.8  4.  ]
 [0.85 1.15]
 [2.85 0.2 ]
 [1.   3.4 ]
 [2.1  2.15]
 [3.15 3.7 ]
 [2.65 2.55]
 [0.2  3.2 ]
 [2.35 2.6 ]
 [2.8  1.  ]
 [0.3  3.8 ]
 [2.7  3.5 ]
 [1.85 3.6 ]
 [1.95 1.6 ]
 [0.25 1.75]
 [1.   0.9 ]
 [2.25 1.5 ]
 [0.6  1.05]
 [1.75 1.75]
 [0.8  1.3 ]
 [2.   3.45]
 [2.65 3.55]
 [1.8  2.75]
 [0.85 1.8 ]
 [2.35 2.7 ]
 [3.9  0.3 ]
 [0.55 0.45]
 [1.   2.9 ]
 [1.35 1.4 ]
 [1.5  1.35]
 [3.9  0.  ]
 [1.7  3.65]
 [3.75 4.  ]
 [1.2  1.85]
 [2.65 0.5 ]
 [2.2  2.65]
 [3.6  1.1 ]
 [1.55 2.75]
 [1.8  3.6 ]
 [0.4  3.25]
 [2.45 2.5 ]
 [1.05 0.15]
 [0.   1.9 ]
 [3.05 3.35]
 [3.8  0.8 ]
 [0.45 0.7 ]
 [2.8  0.4 ]
 [2.95 3.95]
 [0.4  2.3 ]
 [3.65 1.8 ]
 [3.6  3.3 ]
 [3.05 3.65]
 [3.35 0.8 ]
 [3.6  3.  ]
 [2.6  1.25]
 [3.6  2.7 ]
 [2.45 0.4 ]
 [1.25 1.85]
 [2.5  0.65]
 [3.9  3.9 ]
 [2.2  1.85]
 [0.15 0.  ]
 [1.15 2.1 ]
 [2.   2.6 ]
 [3.2  0.9 ]
 [2.8  1.25]
 [3.7  3.9 ]
 [2.85 0.55]
 [0.95 1.15]
 [2.6  1.8 ]
 [1.85 3.1 ]
 [2.2  0.85]
 [1.55 2.9 ]
 [2.1  0.7 ]
 [2.55 0.35]
 [0.7  2.3 ]
 [1.4  0.55]
 [3.8  1.2 ]
 [2.3  3.25]
 [3.55 2.5 ]
 [3.7  2.95]
 [2.35 1.3 ]
 [1.25 1.3 ]
 [0.8  2.95]
 [0.6  1.35]
 [0.15 2.65]
 [0.75 1.05]
 [3.75 0.3 ]
 [1.3  3.3 ]
 [1.35 1.55]
 [0.05 1.2 ]
 [0.3  1.1 ]
 [2.15 3.3 ]
 [1.05 2.4 ]
 [0.2  3.4 ]
 [2.95 3.6 ]
 [3.25 1.25]
 [3.9  3.3 ]
 [2.   3.  ]
 [3.95 3.15]
 [0.25 2.3 ]
 [0.85 3.1 ]
 [1.15 3.5 ]
 [2.55 3.45]
 [2.5  0.6 ]
 [1.4  2.7 ]
 [1.45 2.9 ]
 [3.   2.5 ]
 [1.95 3.65]
 [0.15 0.3 ]
 [2.15 3.6 ]
 [3.65 2.  ]
 [2.65 3.6 ]
 [3.   2.  ]
 [1.5  0.7 ]
 [1.5  2.45]
 [0.85 3.6 ]
 [3.15 2.5 ]
 [1.95 1.1 ]
 [2.7  2.6 ]
 [1.55 0.65]
 [1.3  1.1 ]
 [3.05 1.6 ]
 [1.1  0.85]
 [1.9  1.25]
 [0.85 1.7 ]
 [0.35 2.6 ]
 [1.65 2.85]
 [3.2  1.1 ]
 [0.75 3.  ]
 [0.   3.85]
 [3.55 0.  ]
 [0.45 1.6 ]
 [2.25 2.15]
 [3.1  0.35]
 [4.   0.8 ]
 [3.55 1.05]
 [2.75 4.  ]
 [2.5  2.95]
 [3.85 0.35]
 [0.25 3.05]
 [2.85 0.25]
 [3.1  3.4 ]
 [0.95 3.85]
 [0.8  0.1 ]
 [0.15 3.05]
 [3.85 3.7 ]
 [0.2  2.85]
 [3.85 3.45]
 [2.95 1.75]
 [0.7  0.2 ]
 [0.45 2.95]
 [2.5  1.45]
 [3.85 3.75]
 [3.65 2.65]
 [0.2  2.4 ]
 [1.85 1.05]
 [0.4  0.3 ]
 [2.1  3.35]
 [2.   1.8 ]
 [2.3  0.85]
 [2.35 3.5 ]
 [1.35 1.9 ]
 [3.35 3.9 ]
 [2.5  1.  ]
 [2.85 1.15]
 [0.75 2.4 ]
 [1.75 1.2 ]
 [1.25 2.85]
 [3.3  1.65]
 [1.65 0.15]
 [1.1  0.9 ]
 [2.2  3.25]
 [1.6  1.15]
 [1.85 3.35]
 [1.5  1.55]
 [0.6  2.4 ]
 [0.5  2.65]
 [2.05 0.45]
 [2.2  1.75]
 [0.9  1.25]
 [2.4  1.1 ]
 [0.85 3.15]
 [0.05 3.4 ]
 [2.45 2.  ]
 [1.5  0.8 ]
 [2.   2.25]
 [3.7  2.75]
 [2.35 1.35]
 [3.15 2.35]
 [2.45 1.8 ]
 [3.85 2.  ]]

Training Labels: 
[0. 0. 0. 1. 0. 1. 0. 0. 1. 1. 0. 1. 1. 1. 1. 1. 1. 1. 0. 0. 1. 0. 1. 1.
 1. 0. 1. 0. 1. 1. 1. 1. 0. 1. 1. 1. 0. 1. 1. 0. 1. 0. 0. 1. 1. 0. 1. 0.
 1. 0. 1. 0. 1. 1. 0. 1. 1. 0. 1. 1. 1. 1. 1. 0. 1. 0. 1. 1. 0. 1. 0. 0.
 1. 0. 1. 0. 0. 0. 1. 0. 1. 1. 1. 0. 0. 0. 1. 1. 1. 0. 1. 1. 0. 0. 0. 1.
 1. 1. 0. 1. 0. 1. 1. 0. 0. 1. 1. 0. 1. 1. 1. 1. 1. 1. 1. 1. 1. 1. 1. 1.
 0. 1. 0. 1. 1. 1. 1. 1. 0. 0. 0. 0. 0. 1. 1. 1. 1. 1. 1. 0. 1. 0. 0. 1.
 1. 0. 0. 1. 1. 1. 0. 1. 1. 1. 1. 1. 0. 0. 1. 1. 1. 1. 0. 1. 0. 0. 0. 1.
 1. 1. 0. 1. 1. 1. 1. 1. 1. 1. 0. 0. 0. 0. 0. 0. 0. 1. 0. 0. 1. 0. 1. 1.
 0. 0. 1. 1. 1. 1. 1. 1. 0. 0. 1. 1. 1. 1. 0. 1. 0. 1. 1. 0. 0. 0. 0. 0.
 0. 1. 0. 0. 0. 0. 0. 1. 1. 0. 0. 0. 0. 1. 0. 1. 0. 0. 0. 0. 1. 1. 1. 1.
 0. 1. 1. 1. 1. 1. 0. 1. 1. 1. 1. 1. 1. 1. 1. 1. 1. 0. 1. 1. 1. 1. 0. 0.
 0. 1. 0. 1. 0. 0. 1. 1. 0. 1. 0. 0. 1. 0. 0. 1. 0. 0. 0. 1. 0. 0. 0. 1.
 1. 0. 1. 1. 1. 0. 1. 1. 1. 0. 1. 0.]

Testing Data: [Number of samples: 200]
[[0.35 1.85]
 [0.65 0.7 ]
 [2.7  1.15]
 [1.4  3.1 ]
 [1.05 0.3 ]
 [3.65 0.9 ]
 [1.6  2.4 ]
 [3.4  2.1 ]
 [3.6  0.5 ]
 [2.45 2.05]
 [0.   1.75]
 [2.8  3.65]
 [1.7  2.4 ]
 [1.5  0.25]
 [2.95 0.9 ]
 [2.2  3.05]
 [3.95 1.45]
 [3.65 3.6 ]
 [2.1  2.05]
 [0.05 0.5 ]
 [2.3  0.95]
 [1.1  3.35]
 [1.1  0.05]
 [1.55 2.6 ]
 [3.4  1.75]
 [1.6  0.4 ]
 [3.8  1.85]
 [1.5  1.25]
 [3.2  0.6 ]
 [3.65 2.55]
 [2.25 3.  ]
 [3.05 2.  ]
 [0.2  2.9 ]
 [3.55 3.  ]
 [2.35 0.9 ]
 [3.   0.15]
 [1.55 1.8 ]
 [0.7  1.3 ]
 [3.95 1.35]
 [3.35 0.25]
 [3.9  1.05]
 [2.1  2.8 ]
 [1.4  1.5 ]
 [1.9  1.45]
 [0.6  3.65]
 [1.15 3.9 ]
 [2.25 1.15]
 [2.6  1.5 ]
 [1.8  2.95]
 [2.8  0.05]
 [3.3  3.65]
 [0.2  0.15]
 [3.2  1.4 ]
 [3.05 3.  ]
 [0.4  2.15]
 [3.   1.  ]
 [2.4  3.2 ]
 [1.35 2.45]
 [3.15 1.2 ]
 [2.   0.5 ]
 [3.95 3.9 ]
 [1.15 3.75]
 [1.8  1.  ]
 [0.55 1.95]
 [3.2  3.2 ]
 [3.85 3.6 ]
 [4.   1.85]
 [3.6  0.3 ]
 [1.65 2.55]
 [1.75 1.1 ]
 [3.7  3.2 ]
 [2.3  0.7 ]
 [1.9  0.2 ]
 [2.3  2.55]
 [0.8  3.05]
 [4.   1.35]
 [2.75 1.8 ]
 [3.45 3.3 ]
 [0.6  1.85]
 [0.6  3.15]
 [1.3  0.75]
 [1.3  0.25]
 [3.2  0.5 ]
 [1.   0.65]
 [0.65 1.15]
 [2.7  1.1 ]
 [3.6  3.7 ]
 [0.05 3.8 ]
 [0.95 0.5 ]
 [1.   2.3 ]
 [3.65 0.1 ]
 [0.15 4.  ]
 [4.   3.25]
 [2.15 1.85]
 [2.6  0.2 ]
 [0.8  1.15]
 [1.3  3.7 ]
 [1.1  3.15]
 [2.7  1.75]
 [1.85 3.4 ]
 [1.45 1.95]
 [3.2  1.  ]
 [1.75 1.65]
 [2.55 3.1 ]
 [0.5  1.15]
 [0.3  2.55]
 [2.25 0.95]
 [1.1  0.6 ]
 [1.05 1.2 ]
 [3.2  1.7 ]
 [0.05 3.35]
 [0.95 0.95]
 [1.7  3.15]
 [2.35 3.  ]
 [0.9  1.3 ]
 [3.55 3.6 ]
 [0.95 3.45]
 [0.9  2.25]
 [2.8  2.65]
 [0.75 0.85]
 [1.45 2.75]
 [2.2  3.  ]
 [4.   3.15]
 [4.   1.25]
 [2.8  4.  ]
 [3.1  0.9 ]
 [2.   0.4 ]
 [0.95 0.7 ]
 [3.65 0.15]
 [0.85 2.55]
 [0.65 0.65]
 [3.45 3.05]
 [3.7  1.25]
 [3.7  1.15]
 [2.25 3.8 ]
 [1.55 3.85]
 [0.75 1.2 ]
 [2.15 0.9 ]
 [2.05 1.3 ]
 [1.45 2.65]
 [0.45 1.85]
 [1.   1.25]
 [3.35 1.  ]
 [3.95 0.9 ]
 [1.5  2.4 ]
 [1.15 1.1 ]
 [1.7  0.8 ]
 [3.   3.95]
 [3.8  3.85]
 [1.15 3.4 ]
 [3.15 1.85]
 [3.95 2.2 ]
 [1.9  3.9 ]
 [2.8  3.5 ]
 [3.35 2.85]
 [1.55 1.7 ]
 [0.6  0.3 ]
 [0.5  1.4 ]
 [2.   2.35]
 [0.95 1.65]
 [0.8  3.  ]
 [1.15 3.65]
 [3.3  3.85]
 [2.   3.75]
 [0.35 0.45]
 [3.6  1.95]
 [2.9  1.05]
 [2.4  3.45]
 [2.55 2.6 ]
 [2.1  3.  ]
 [1.45 0.6 ]
 [3.5  3.25]
 [2.15 2.95]
 [1.9  0.6 ]
 [0.6  2.3 ]
 [3.45 3.5 ]
 [2.6  2.4 ]
 [0.2  3.6 ]
 [2.25 3.25]
 [1.9  2.5 ]
 [1.5  1.  ]
 [1.65 0.95]
 [3.6  2.45]
 [1.1  0.15]
 [1.15 1.3 ]
 [2.65 3.15]
 [0.4  3.35]
 [3.9  2.  ]
 [1.15 1.65]
 [2.05 2.45]
 [0.1  1.05]
 [0.35 2.  ]
 [3.95 0.2 ]
 [0.95 2.85]
 [2.15 0.3 ]
 [1.45 2.85]
 [0.15 2.  ]
 [3.4  3.55]
 [0.8  3.8 ]
 [1.5  1.3 ]]

Testing Labels: 
[0. 1. 1. 0. 1. 1. 1. 0. 1. 1. 0. 1. 1. 0. 1. 0. 0. 1. 1. 1. 0. 1. 1. 1.
 0. 0. 0. 0. 1. 0. 0. 0. 1. 1. 0. 1. 1. 1. 0. 1. 1. 0. 1. 1. 1. 1. 0. 1.
 0. 1. 1. 1. 0. 1. 0. 1. 0. 1. 1. 0. 1. 1. 0. 0. 1. 1. 0. 1. 1. 0. 1. 0.
 0. 1. 1. 0. 0. 1. 0. 1. 1. 1. 1. 1. 1. 1. 1. 1. 1. 0. 1. 1. 1. 1. 0. 1.
 1. 1. 0. 0. 1. 1. 1. 0. 1. 0. 0. 1. 1. 0. 1. 1. 0. 0. 1. 1. 1. 0. 0. 1.
 0. 0. 1. 1. 1. 1. 0. 1. 1. 0. 1. 1. 1. 1. 0. 0. 1. 0. 0. 1. 0. 1. 1. 1.
 1. 1. 0. 1. 1. 1. 0. 0. 0. 1. 1. 1. 1. 0. 1. 0. 1. 1. 1. 0. 1. 0. 1. 0.
 1. 0. 0. 1. 0. 0. 0. 1. 1. 1. 0. 1. 0. 0. 0. 1. 1. 0. 1. 0. 0. 1. 1. 0.
 1. 1. 0. 0. 0. 1. 1. 0.]
